%%MatrixMarket matrix coordinate real general
150 298 1580                                      
1 1 0.566407091140307
1 2 0.342762837199124
1 3 0.007190239553024082
1 4 0.007190239553024082
1 6 0.4020583285695239
1 7 0.2710622968005482
1 8 0.007190239553024082
1 9 0.03600310444128524
1 10 0.4020583285695239
1 11 0.13648164221080736
1 12 0.35526648753455253
1 13 0.13648164221080736
2 3 0.006690541506813696
2 4 0.006690541506813696
2 8 0.006690541506813696
2 9 0.03350100686662903
2 11 0.12699661609263832
2 13 0.12699661609263832
2 14 0.611657399590261
2 15 0.2400069864288321
2 16 0.027239540761029003
2 17 0.4424299156046853
2 18 0.5270436575974731
2 19 0.2459628908580806
3 3 0.007917413304965855
3 4 0.007917413304965855
3 8 0.007917413304965855
3 9 0.039644222702374304
3 11 0.15028450192163106
3 13 0.15028450192163106
3 15 0.2840180433379244
3 16 0.03223456609945461
3 19 0.5821322123551271
3 20 0.7297165116781558
4 2 0.31127251658160066
4 3 0.006529657587103464
4 4 0.006529657587103464
4 6 0.36512041027867775
4 7 0.2461592509997786
4 8 0.006529657587103464
4 9 0.03269542583952477
4 10 0.36512041027867775
4 13 0.12394279550635076
4 21 0.4317910369807266
4 22 0.4317910369807266
4 23 0.4317910369807266
5 2 0.6777257777001725
5 3 0.007108429158690955
5 4 0.007108429158690955
5 8 0.007108429158690955
5 9 0.03559346187655045
5 11 0.13492875695765846
5 13 0.13492875695765846
5 16 0.028940907939642074
5 24 0.36488914902812003
5 25 0.44112294407572183
5 26 0.41747650052174196
6 2 0.4772404493212576
6 3 0.01001121703581657
6 4 0.01001121703581657
6 8 0.01001121703581657
6 9 0.05012835662384652
6 13 0.19002806951020096
6 16 0.0407591753577663
6 25 0.6212592731857066
6 26 0.5879566020527115
7 9 0.03203544294614893
7 13 0.242881825336557
7 15 0.45901486788308304
7 19 0.4704055724846194
7 27 0.503987151499976
7 28 0.503987151499976
8 3 0.007433982005306868
8 4 0.007433982005306868
8 8 0.007433982005306868
8 9 0.03722357629088048
8 13 0.14110824330229016
8 16 0.03026634774540848
8 29 0.41568773302031686
8 30 0.6796236294679652
8 31 0.5856077662175141
9 3 0.007197206415041624
9 4 0.007197206415041624
9 8 0.007197206415041624
9 9 0.03603798904547622
9 13 0.13661388380890688
9 15 0.25818236395682204
9 16 0.029302351283286773
9 19 0.26458930030448646
9 32 0.566955901791278
9 33 0.44663213377348965
9 34 0.566955901791278
10 3 0.006649081425956098
10 4 0.006649081425956098
10 8 0.006649081425956098
10 9 0.0332934071600751
10 13 0.1262096409327832
10 15 0.23851970635537406
10 16 0.027070742232341006
10 19 0.24443870311743818
10 35 0.3555988512210271
10 36 0.6078670688347706
10 37 0.6078670688347706
11 9 0.022094188428171912
11 13 0.16751061703079476
11 27 0.3475896090881642
11 38 0.4033930649855925
11 39 0.3475896090881642
11 40 0.4033930649855925
11 41 0.4033930649855925
11 42 0.3475896090881642
11 43 0.3475896090881642
12 3 0.007786792502153936
12 4 0.007786792502153936
12 8 0.007786792502153936
12 9 0.0389901757306202
12 13 0.14780512115229819
12 16 0.031702763004173004
12 44 0.3997108258855793
12 45 0.555794408924348
12 46 0.7118779919631165
13 3 0.00837374870022302
13 4 0.00837374870022302
13 8 0.00837374870022302
13 9 0.04192919398525584
13 13 0.1589464392165327
13 15 0.3003879713781201
13 16 0.034092467524496024
13 19 0.30784226292123074
13 35 0.447835607274835
13 47 0.7655382377621596
14 3 0.004812070703097448
14 4 0.004812070703097448
14 8 0.004812070703097448
14 9 0.02409509207931755
14 11 0.09134039375879115
14 13 0.09134039375879115
14 15 0.34524278393810126
14 16 0.019591627363567662
14 19 0.3538101721488305
14 33 0.2986193923105483
14 48 0.439925325910249
14 49 0.37906817279218247
14 50 0.439925325910249
14 51 0.34346902031746795
15 3 0.007027742035413755
15 4 0.007027742035413755
15 8 0.007027742035413755
15 9 0.035189443776041676
15 13 0.13339719309126316
15 16 0.028612402364845014
15 29 0.392971916379039
15 52 0.6424846799014176
15 53 0.6424846799014176
16 2 0.21105722586571113
16 11 0.08403897290030707
16 54 0.29277438117457527
16 55 0.348766833486363
16 56 0.29277438117457527
16 57 0.40475928579815074
16 58 0.40475928579815074
16 59 0.40475928579815074
16 60 0.40475928579815074
17 3 0.005418904440730835
17 4 0.005418904440730835
17 8 0.005418904440730835
17 9 0.02713364152866399
17 13 0.10285901764473575
17 16 0.02206226031825423
17 61 0.49540280042654483
17 62 0.38678272084692294
17 63 0.38678272084692294
17 64 0.49540280042654483
17 65 0.4268711603844619
17 66 0.12585844381601866
18 3 0.007197665615682149
18 4 0.007197665615682149
18 8 0.007197665615682149
18 9 0.036040288363669785
18 13 0.1366226001328987
18 16 0.029304220850130108
18 44 0.7389396511841645
18 67 0.6580192992039335
19 3 0.00824779583614475
19 4 0.00824779583614475
19 8 0.00824779583614475
19 9 0.04129852040523835
19 11 0.15655566299777274
19 13 0.15655566299777274
19 16 0.03357966924478512
19 44 0.42337500125875155
19 68 0.5886992378968295
19 69 0.6497154946534557
20 3 0.006894564728790456
20 4 0.006894564728790456
20 8 0.006894564728790456
20 9 0.03452259582970988
20 13 0.1308692860056758
20 16 0.02807019084601429
20 29 0.3855250093727439
20 70 0.4921102658339457
20 71 0.5431154725672994
20 72 0.5431154725672994
21 3 0.006414957356670048
21 4 0.006414957356670048
21 8 0.006414957356670048
21 9 0.03212109666102098
21 13 0.12176561132548064
21 16 0.026117541041979886
21 29 0.35870669031920815
21 73 0.5053346706164222
21 74 0.5864631631486381
21 75 0.5053346706164222
22 3 0.0065415185663502025
22 4 0.0065415185663502025
22 8 0.0065415185663502025
22 9 0.03275481636072328
22 13 0.12416793486560095
22 15 0.46932229810667986
22 16 0.02663281610997502
22 19 0.48096878721781045
22 32 0.515304458979869
22 34 0.515304458979869
23 3 0.004696186935469799
23 4 0.004696186935469799
23 8 0.004696186935469799
23 9 0.023514836670832148
23 11 0.08914074424854009
23 13 0.08914074424854009
23 16 0.01911982390660977
23 44 0.48212836234443496
23 68 0.6703952728355578
23 76 0.23203647459399493
23 77 0.42933109166334027
23 78 0.2511562985006047
24 3 0.00841854506062468
24 4 0.00841854506062468
24 8 0.00841854506062468
24 9 0.042153499174288386
24 13 0.15979674201765623
24 16 0.03427484921719818
24 17 0.5566987630064384
24 29 0.4707417786433024
24 31 0.6631661691183232
25 3 0.00568172561653117
25 4 0.00568172561653117
25 8 0.00568172561653117
25 9 0.028449644726045803
25 13 0.1078477618189015
25 15 0.20381815755128183
25 16 0.023132297492940896
25 19 0.2088760164302395
25 35 0.30386379302025807
25 79 0.5194302303114909
25 80 0.5194302303114909
25 81 0.5194302303114909
26 3 0.006894564728790456
26 4 0.006894564728790456
26 8 0.006894564728790456
26 9 0.03452259582970988
26 13 0.1308692860056758
26 16 0.02807019084601429
26 29 0.3855250093727439
26 70 0.4921102658339457
26 71 0.5431154725672994
26 72 0.5431154725672994
27 3 0.00721856627115931
27 4 0.00721856627115931
27 8 0.00721856627115931
27 9 0.03614494252386659
27 13 0.13701932624498014
27 16 0.02938931474816849
27 17 0.4773469625565202
27 20 0.3326532792853033
27 44 0.3705426958733971
27 82 0.42394482921495863
27 83 0.5686385124861756
28 3 0.006284125089084368
28 4 0.006284125089084368
28 8 0.006284125089084368
28 9 0.03146599083882396
28 13 0.11928221663430552
28 16 0.02558487699944632
28 29 0.7027818228327141
28 73 0.4950284320601103
28 75 0.4950284320601103
29 3 0.007703104725191335
29 4 0.007703104725191335
29 8 0.007703104725191335
29 9 0.03857113269982489
29 11 0.1462166003320115
29 13 0.1462166003320115
29 16 0.031362040715932044
29 44 0.39541497358991373
29 45 0.5498210638636885
29 84 0.7042271541374631
30 2 0.28016439017932654
30 3 0.005877093024661817
30 4 0.005877093024661817
30 6 0.3286308030376166
30 7 0.22155845045597988
30 8 0.005877093024661817
30 9 0.029427892133170444
30 10 0.3286308030376166
30 13 0.11155613126883522
30 85 0.46296470929951766
30 86 0.46296470929951766
30 87 0.46296470929951766
31 3 0.006838437966728095
31 4 0.006838437966728095
31 8 0.006838437966728095
31 9 0.03424155683767346
31 11 0.12980391501187843
31 13 0.12980391501187843
31 16 0.027841679114725394
31 20 0.31513582190274503
31 44 0.3510299891376446
31 69 0.5386941183411393
31 82 0.4016199764605096
31 83 0.5386941183411393
32 3 0.00601123986505385
32 4 0.00601123986505385
32 8 0.00601123986505385
32 9 0.030099594747455605
32 13 0.11410244157450448
32 15 0.4312773676818648
32 16 0.024473865555082405
32 19 0.4419797510692447
32 88 0.5495548215981696
32 89 0.5495548215981696
33 3 0.006343589622193437
33 4 0.006343589622193437
33 8 0.006343589622193437
33 9 0.03176374278161947
33 13 0.12041094358035159
33 16 0.025826977967179712
33 44 0.3256284851901146
33 68 0.45278356185173313
33 90 0.5799386385133517
33 91 0.5799386385133517
34 3 0.007460435443662373
34 4 0.007460435443662373
34 8 0.007460435443662373
34 9 0.03735603445126872
34 11 0.14161036964763052
34 13 0.14161036964763052
34 15 0.2676250683829907
34 16 0.030374048969834082
34 19 0.2742663305973839
34 42 0.5876916209985832
34 92 0.6820420348090382
35 3 0.004402280414576862
35 4 0.004402280414576862
35 8 0.004402280414576862
35 9 0.022043182341424893
35 11 0.08356195312035547
35 13 0.08356195312035547
35 16 0.01792322739082071
35 62 0.6284392040142772
35 63 0.3142196020071386
35 65 0.6935743449481353
35 66 0.10224652755560606
36 3 0.008955309253858042
36 4 0.008955309253858042
36 8 0.008955309253858042
36 9 0.04484119506631123
36 11 0.1699853397732953
36 13 0.1699853397732953
36 15 0.3212500489486242
36 16 0.036460204484144915
36 19 0.32922204433883656
36 35 0.47893798842191826
36 93 0.7054494676197917
37 3 0.007250546513285168
37 4 0.007250546513285168
37 8 0.007250546513285168
37 9 0.03630507460136191
37 13 0.13762635970074316
37 15 0.26009581090610306
37 16 0.029519517528922137
37 19 0.2665502304846931
37 21 0.47946174142910486
37 22 0.47946174142910486
37 23 0.47946174142910486
37 35 0.38776574472136005
38 2 0.28016439017932654
38 3 0.005877093024661817
38 4 0.005877093024661817
38 6 0.3286308030376166
38 7 0.22155845045597988
38 8 0.005877093024661817
38 9 0.029427892133170444
38 10 0.3286308030376166
38 13 0.11155613126883522
38 85 0.46296470929951766
38 86 0.46296470929951766
38 87 0.46296470929951766
39 3 0.005269199711289085
39 4 0.005269199711289085
39 8 0.005269199711289085
39 9 0.026384037156000385
39 11 0.10001739502976442
39 13 0.10001739502976442
39 15 0.567059366858531
39 16 0.021452759865175145
39 19 0.5811312547021835
39 49 0.4150782542221929
39 76 0.2603487769417134
39 78 0.2818015368068886
40 3 0.008934154473065444
40 4 0.008934154473065444
40 8 0.008934154473065444
40 9 0.04473526844499469
40 13 0.16958378997764642
40 15 0.3204911723791532
40 16 0.03637407595282891
40 19 0.3284443358328931
40 33 0.554420735721543
40 66 0.2075029724348283
40 94 0.6376891516272826
41 2 0.31127251658160066
41 3 0.006529657587103464
41 4 0.006529657587103464
41 6 0.36512041027867775
41 7 0.2461592509997786
41 8 0.006529657587103464
41 9 0.03269542583952477
41 10 0.36512041027867775
41 13 0.12394279550635076
41 21 0.4317910369807266
41 22 0.4317910369807266
41 23 0.4317910369807266
42 3 0.005254778714645638
42 4 0.005254778714645638
42 6 0.29383270632820047
42 7 0.19809804347497914
42 8 0.005254778714645638
42 9 0.02631182806693282
42 13 0.09974366266108604
42 95 0.41394224829361104
42 96 0.4803982279684114
42 97 0.4803982279684114
42 98 0.4803982279684114
43 3 0.00592214124382349
43 4 0.00592214124382349
43 8 0.00592214124382349
43 9 0.029653458434183252
43 13 0.11241121473086976
43 16 0.024111113822313953
43 44 0.30399474070035304
43 45 0.42270202927160394
43 99 0.8454040585432079
44 3 0.006008536738830893
44 4 0.006008536738830893
44 8 0.006008536738830893
44 9 0.03008605960234598
44 13 0.11405113214269881
44 16 0.02446286018027717
44 56 0.39733052990723006
44 100 0.5493076985282933
44 101 0.4733191142177616
44 102 0.5493076985282933
45 3 0.006490454192664567
45 4 0.006490454192664567
45 8 0.006490454192664567
45 9 0.032499125856189325
45 11 0.12319865567431855
45 13 0.12319865567431855
45 16 0.02642491513708221
45 25 0.40277369274424274
45 26 0.38118296499268445
45 56 0.42919860788132497
45 62 0.4632662486723145
45 103 0.5112818915609549
46 1 0.6129194663303859
46 2 0.3709099312846256
46 3 0.0077806896463015265
46 4 0.0077806896463015265
46 8 0.0077806896463015265
46 11 0.1476892797004564
46 13 0.1476892797004564
46 16 0.03167791613780485
46 25 0.4828409550258607
46 26 0.4569582129424907
47 2 0.42994474132974203
47 3 0.00901908068559925
47 4 0.00901908068559925
47 8 0.00901908068559925
47 9 0.045160512593970414
47 10 0.5043220714615271
47 13 0.17119581818169738
47 15 0.3235376947448384
47 16 0.036719840346583654
47 19 0.33156645931470236
47 33 0.5596909438175622
48 2 0.4483931156377051
48 3 0.009406077805012895
48 4 0.009406077805012895
48 8 0.009406077805012895
48 9 0.04709829194137283
48 10 0.5259618810736046
48 13 0.1785416099315998
48 15 0.3374202799275947
48 16 0.03829544133462522
48 19 0.3457935484296553
48 35 0.5030454957133007
49 3 0.008097202040706934
49 4 0.008097202040706934
49 8 0.008097202040706934
49 9 0.040544464284385344
49 13 0.153697164562979
49 15 0.2904675291702926
49 16 0.03296654909225205
49 19 0.2976756395227435
49 33 0.502482548989819
49 104 0.7402560075491464
50 3 0.006097681052192661
50 4 0.006097681052192661
50 8 0.006097681052192661
50 9 0.03053242470612901
50 13 0.1157432262922257
50 15 0.21873955225455607
50 16 0.024825797941736224
50 19 0.22416769369122652
50 35 0.6522189272062168
50 43 0.4803414075433996
50 105 0.4803414075433996
51 3 0.008059762212051617
51 4 0.008059762212051617
51 8 0.008059762212051617
51 9 0.04035699486123181
51 16 0.03281411842013025
51 66 0.1871945040977989
51 106 0.26348512900043225
51 107 0.39822920923893507
51 108 0.5752780459321232
51 109 0.6349032512958103
52 3 0.00441681277912004
52 4 0.00441681277912004
52 8 0.00441681277912004
52 9 0.022115949073961198
52 16 0.01798239374318918
52 106 0.14439191309354577
52 110 0.40379036826874065
52 111 0.40379036826874065
52 112 0.40379036826874065
52 113 0.40379036826874065
52 114 0.40379036826874065
52 115 0.40379036826874065
53 3 0.0036831947428036436
53 4 0.0036831947428036436
53 7 0.13885145539110194
53 8 0.0036831947428036436
53 9 0.01844256286940822
53 11 0.06991261742713871
53 106 0.12040889252169373
53 116 0.2163132272459625
53 117 0.33672211976765626
53 118 0.48712216718323487
53 119 0.33672211976765626
53 120 0.5802832033592736
53 121 0.33672211976765626
54 3 0.007562455541356785
54 4 0.007562455541356785
54 8 0.007562455541356785
54 9 0.03786687142760523
54 16 0.030789408564683162
54 20 0.34850073280239174
54 82 0.44414137136006676
54 106 0.2472274642166161
54 107 0.3736575113389744
54 122 0.6913688355766828
55 3 0.005489255382018861
55 4 0.005489255382018861
55 8 0.005489255382018861
55 9 0.027485904101844916
55 16 0.022348683671407382
55 66 0.2549848027939843
55 106 0.17945159229200017
55 123 0.39180412854715824
55 124 0.864826032714842
56 3 0.007650770451715347
56 4 0.007650770451715347
56 8 0.007650770451715347
56 9 0.03830908352887309
56 16 0.0311489695356552
56 106 0.2501146046726574
56 107 0.7560422223125755
56 109 0.6026851545878931
57 3 0.007562455541356785
57 4 0.007562455541356785
57 8 0.007562455541356785
57 9 0.03786687142760523
57 16 0.030789408564683162
57 20 0.34850073280239174
57 82 0.44414137136006676
57 106 0.2472274642166161
57 107 0.3736575113389744
57 125 0.6913688355766828
58 3 0.005161682066808509
58 4 0.005161682066808509
58 7 0.19458842588837866
58 8 0.005161682066808509
58 9 0.025845672758685264
58 28 0.4066086120346961
58 106 0.3374855062593868
58 116 0.6062889333074197
58 126 0.30314446665370987
58 127 0.47188721978340326
59 3 0.005282802562972416
59 4 0.005282802562972416
59 7 0.19915450461742493
59 8 0.005282802562972416
59 9 0.026452149614040573
59 11 0.10027559776735057
59 12 0.26102088769718296
59 106 0.17270235500338435
59 116 0.6205156941714969
59 128 0.48296020208913276
59 129 0.48296020208913276
60 3 0.0045341986560561934
60 4 0.0045341986560561934
60 7 0.17093315080769944
60 8 0.0045341986560561934
60 9 0.022703725872786587
60 11 0.08606596124162713
60 106 0.14822942493491287
60 116 0.26629250223115597
60 118 0.5996719777288066
60 120 0.714357916030472
61 3 0.006345802813580964
61 4 0.006345802813580964
61 8 0.006345802813580964
61 9 0.03177482471568941
61 11 0.12045295330657407
61 16 0.025835988645456068
61 66 0.147386409119423
61 106 0.20745335023005237
61 107 0.31354324978221476
61 108 0.9058830636488872
62 3 0.005000022606083498
62 4 0.005000022606083498
62 8 0.005000022606083498
62 9 0.02503620842784019
62 11 0.09490800568423718
62 16 0.020356845472937066
62 106 0.16345787465032852
62 123 0.3568843793112311
62 130 0.9142162325769765
63 3 0.006450901537483083
63 4 0.006450901537483083
63 8 0.006450901537483083
63 9 0.03230107704781127
63 11 0.12244788634415119
63 16 0.026263882407231313
63 66 0.14982741209005043
63 78 0.34500001265048247
63 106 0.21088917750343317
63 107 0.31873613024325115
63 131 0.5897492236482423
63 132 0.5897492236482423
64 3 0.0050997417841866614
64 4 0.0050997417841866614
64 8 0.0050997417841866614
64 16 0.020762837217227288
64 123 0.36400199052752313
64 124 0.8034586019691052
64 133 0.36400199052752313
64 134 0.25197593733009793
64 135 0.15955684317623675
65 11 0.06711945415210828
65 54 0.2338302810705457
65 70 0.25239056033354396
65 116 0.41534207337498524
65 136 0.3232693283626483
65 137 0.3232693283626483
65 138 0.278549804716597
65 139 0.3232693283626483
65 140 0.3232693283626483
65 141 0.3232693283626483
65 142 0.3232693283626483
66 3 0.004076770028010013
66 4 0.004076770028010013
66 8 0.004076770028010013
66 9 0.02041328053386127
66 16 0.01659796045480424
66 106 0.2665508605524688
66 143 0.9634358225973026
67 3 0.005831008681363426
67 4 0.005831008681363426
67 8 0.005831008681363426
67 9 0.05839427546329074
67 16 0.02374008120152238
67 35 0.3118475855113345
67 106 0.19062399537226482
67 134 0.28810750430981213
67 143 0.4593344409833843
67 144 0.5330778687194092
67 145 0.5330778687194092
68 3 0.006324109764165915
68 4 0.006324109764165915
68 8 0.006324109764165915
68 9 0.03166620286547421
68 11 0.1200411863568233
68 16 0.025747668633814193
68 106 0.20674417348598043
68 107 0.3124714060122313
68 118 0.4181986385384821
68 146 0.5781577663233552
68 147 0.5781577663233552
69 3 0.00451257022736152
69 4 0.00451257022736152
69 8 0.00451257022736152
69 9 0.022595427592673273
69 16 0.018372255895884818
69 106 0.14752236073441183
69 138 0.3554751906661032
69 148 0.8250892600921543
69 149 0.41254463004607717
70 3 0.0051035417256331365
70 4 0.0051035417256331365
70 8 0.0051035417256331365
70 9 0.02555455133496183
70 16 0.02077830811144644
70 106 0.16684206240313376
70 107 0.5043273814400662
70 134 0.2521636907200331
70 150 0.4665719594478381
70 151 0.4665719594478381
70 152 0.4665719594478381
71 3 0.007313138164935754
71 4 0.007313138164935754
71 7 0.27569540808602216
71 8 0.007313138164935754
71 9 0.036618484711680256
71 56 0.48360078146482166
71 106 0.23907692337434192
71 116 0.4294990159952028
71 153 0.6685759393695447
72 3 0.006345802813580964
72 4 0.006345802813580964
72 8 0.006345802813580964
72 9 0.03177482471568941
72 11 0.12045295330657407
72 16 0.025835988645456068
72 66 0.147386409119423
72 106 0.20745335023005237
72 107 0.31354324978221476
72 108 0.9058830636488872
73 3 0.005830903052547851
73 4 0.005830903052547851
73 8 0.005830903052547851
73 9 0.029196608825028125
73 16 0.0237396511495715
73 135 0.1824328609766263
73 154 0.34244766978974844
73 155 0.3618443771104124
73 156 0.5330682120052865
73 157 0.5330682120052865
73 158 0.3855840282599839
74 54 0.36600202730123904
74 159 0.43599910483741355
74 160 0.32505636178250563
74 161 0.43599910483741355
74 162 0.43599910483741355
74 163 0.43599910483741355
75 3 0.005257574670266639
75 4 0.005257574670266639
75 8 0.005257574670266639
75 9 0.02632582802917243
75 16 0.02140543024642051
75 135 0.1644949985021406
75 159 0.414162498130709
75 160 0.6175524368533962
75 163 0.414162498130709
75 164 0.37526755791016236
75 165 0.32626572840082424
76 3 0.004550929116650918
76 4 0.004550929116650918
76 8 0.004550929116650918
76 9 0.02278749895373899
76 51 0.3248296339919087
76 76 0.2248593513982858
76 78 0.24338777978443651
76 135 0.1423860097433243
76 154 0.2672750785479872
76 166 0.4160514461162008
76 167 0.4160514461162008
76 168 0.4160514461162008
76 169 0.4160514461162008
77 9 0.027683707506350415
77 11 0.10494422416022857
77 16 0.022509516864306578
77 24 0.28380168551659213
77 66 0.12840990554571738
77 106 0.18074302282918625
77 135 0.17297960845693341
77 154 0.3247028168067233
77 170 0.39462376257625087
77 171 0.5054458396359095
77 172 0.39462376257625087
77 173 0.39462376257625087
78 3 0.005776266296234747
78 4 0.005776266296234747
78 8 0.005776266296234747
78 9 0.028923030618159287
78 16 0.023517205754213667
78 135 0.18072342769007446
78 160 0.6784777299174337
78 164 0.4122899783212892
78 165 0.3584538211575382
78 174 0.45502214027432425
79 3 0.004812672936473616
79 4 0.004812672936473616
79 8 0.004812672936473616
79 9 0.024098107593749345
79 16 0.019594079266837535
79 66 0.1117782262088288
79 135 0.15057525135185018
79 160 0.5652944724695544
79 165 0.5973135293935309
79 175 0.3791156133888785
79 176 0.3791156133888785
80 3 0.005826810039853047
80 4 0.005826810039853047
80 8 0.005826810039853047
80 9 0.02917611421390372
80 11 0.11060168402248784
80 16 0.023722987059524088
80 135 0.18230480190769696
80 177 0.4590036953514624
80 178 0.7706267337408514
80 179 0.3853133668704257
81 3 0.005826810039853047
81 4 0.005826810039853047
81 8 0.005826810039853047
81 9 0.02917611421390372
81 11 0.11060168402248784
81 16 0.023722987059524088
81 135 0.18230480190769696
81 177 0.4590036953514624
81 178 0.7706267337408514
81 179 0.3853133668704257
82 3 0.004680602148835829
82 4 0.004680602148835829
82 8 0.004680602148835829
82 9 0.023436800230357505
82 16 0.019056372774838803
82 135 0.14644312097289114
82 160 0.5497814951258153
82 161 0.3687118111095697
82 165 0.2904609378314234
82 175 0.3687118111095697
82 176 0.3687118111095697
82 180 0.4279063116128772
83 3 0.006487597238036959
83 4 0.006487597238036959
83 8 0.006487597238036959
83 9 0.032484820458561985
83 11 0.12314442634629376
83 15 0.23272685188179984
83 16 0.026413283472896003
83 135 0.20297900931177054
83 178 0.4290096841307598
83 181 0.593103988991835
83 182 0.593103988991835
84 3 0.005518926262651071
84 4 0.005518926262651071
84 8 0.005518926262651071
84 9 0.027634472700483203
84 16 0.022469484231657046
84 78 0.2951571372417173
84 135 0.17267196839682192
84 160 0.648250681362463
84 164 0.3939219337357109
84 165 0.3424842460645396
84 174 0.434750323350676
85 3 0.0065524463565686765
85 4 0.0065524463565686765
85 8 0.0065524463565686765
85 9 0.032809534200045155
85 11 0.12437536088301719
85 16 0.026677306976189804
85 24 0.3363494974382001
85 66 0.1521858727433939
85 135 0.2050079592220909
85 154 0.3848237513139234
85 170 0.4676910356543093
85 172 0.4676910356543093
85 173 0.4676910356543093
86 3 0.005795513799249042
86 4 0.005795513799249042
86 8 0.005795513799249042
86 9 0.029019407081856685
86 11 0.11000763395208892
86 16 0.023595569088836428
86 135 0.18132562892887225
86 154 0.3403692666301417
86 155 0.35964825033538145
86 158 0.3832438194242179
86 183 0.5298328836504523
86 184 0.5298328836504523
87 3 0.00532514352323684
87 4 0.00532514352323684
87 8 0.00532514352323684
87 11 0.10107929335315907
87 16 0.021680526742389235
87 20 0.4907973104706665
87 66 0.12368077058047351
87 76 0.26311293541284714
87 126 0.3127445224855181
87 185 0.38009038973570297
87 186 0.6254890449710362
87 187 0.174086541420273
88 3 0.002470978248779604
88 4 0.002470978248779604
88 8 0.002470978248779604
88 11 0.04690291147793359
88 16 0.010060218991048904
88 66 0.11478094160770587
88 101 0.3892998534585925
88 133 0.17636991031486854
88 187 0.08077980534753604
88 188 0.3527398206297371
88 189 0.4600194398150797
88 190 0.6776994635875513
89 3 0.0060447234065093645
89 4 0.0060447234065093645
89 8 0.0060447234065093645
89 16 0.02461018879459481
89 20 0.5571181278980024
89 66 0.140393596078791
89 126 0.35500529273560494
89 186 0.7100105854712099
89 187 0.1976106347349211
90 3 0.006160179796872098
90 4 0.006160179796872098
90 8 0.006160179796872098
90 16 0.025080252248831526
90 66 0.28615032848102256
90 187 0.2013850689065845
90 191 0.7645561592773674
90 192 0.3822780796386837
90 193 0.3822780796386837
91 3 0.005689076927059527
91 4 0.005689076927059527
91 8 0.005689076927059527
91 16 0.023162227256111816
91 66 0.13213341859425035
91 106 0.1859840437697099
91 187 0.1859840437697099
91 191 0.35304316989211
91 192 0.35304316989211
91 193 0.70608633978422
91 194 0.40606670167794423
92 3 0.005111488492041754
92 4 0.005111488492041754
92 8 0.005111488492041754
92 16 0.020810662184324615
92 66 0.1187184594650463
92 82 0.30019660890982536
92 134 0.2525563368576795
92 187 0.16710185353806079
92 189 0.31720015799297346
92 195 0.46729846244788614
92 196 0.46729846244788614
92 197 0.36484043004511935
92 198 0.36484043004511935
93 3 0.006712406389729034
93 4 0.006712406389729034
93 8 0.006712406389729034
93 16 0.027328560367110354
93 66 0.1559010740477384
93 187 0.2194381443234759
93 199 0.6136563136411971
93 200 0.6136563136411971
93 201 0.41654722898233654
94 3 0.004627219634563367
94 4 0.004627219634563367
94 8 0.004627219634563367
94 11 0.0878316403699916
94 16 0.01883903383867496
94 20 0.6397086599706343
94 66 0.1074709230935485
94 126 0.2717556040944985
94 186 0.543511208188997
94 187 0.15127041347488
94 202 0.4230260175693785
95 3 0.005989336343860079
95 4 0.005989336343860079
95 8 0.005989336343860079
95 16 0.024384688639019606
95 66 0.13910718669681651
95 187 0.19579995261265198
95 188 0.4274981839010124
95 192 0.3716761639008609
95 193 0.3716761639008609
95 194 0.4274981839010124
95 203 0.5475523751890697
96 3 0.0069734494684494065
96 4 0.0069734494684494065
96 8 0.0069734494684494065
96 16 0.028391358285028732
96 17 0.4611379597088748
96 66 0.16196401094135476
96 187 0.22797201510795886
96 204 0.5493295737243039
96 205 0.6375211877397331
97 3 0.003379172887243679
97 4 0.003379172887243679
97 8 0.003379172887243679
97 16 0.013757797856406212
97 66 0.15696805346005077
97 76 0.16696340554024286
97 106 0.11046998418623587
97 133 0.24119371320081623
97 187 0.11046998418623587
97 188 0.24119371320081623
97 191 0.20969902903784363
97 192 0.41939805807568725
97 193 0.6290970871135309
97 206 0.30892807388945137
97 207 0.30892807388945137
98 3 0.004812883047970201
98 4 0.004812883047970201
98 8 0.004812883047970201
98 11 0.09135581329543624
98 16 0.01959493470442353
98 20 0.443584298760426
98 66 0.11178310621848338
98 126 0.5653191520746699
98 185 0.3435270026944569
98 186 0.5653191520746699
98 187 0.15734001542405557
99 3 0.005689076927059527
99 4 0.005689076927059527
99 8 0.005689076927059527
99 16 0.023162227256111816
99 66 0.13213341859425035
99 106 0.1859840437697099
99 187 0.1859840437697099
99 191 0.35304316989211
99 192 0.35304316989211
99 193 0.70608633978422
99 194 0.40606670167794423
100 3 0.005505357164577618
100 4 0.005505357164577618
100 8 0.005505357164577618
100 16 0.02241423967489197
100 66 0.12786637833599787
100 134 0.2720172100052037
100 187 0.179977982543103
100 189 0.3416421977924124
100 208 0.5033064130417217
100 209 0.5033064130417217
100 210 0.5033064130417217
101 3 0.00609954248237448
101 4 0.00609954248237448
101 8 0.00609954248237448
101 11 0.11577855905773399
101 16 0.02483337647678601
101 66 0.1416668135077526
101 134 0.3013756380856021
101 135 0.19083784718763647
101 187 0.19940274855862752
101 211 0.48048804066276507
101 212 0.5443548715679458
101 213 0.3785151511357906
101 214 0.35822480515432603
102 3 0.00492279411690666
102 4 0.00492279411690666
102 8 0.00492279411690666
102 16 0.020042421210461035
102 66 0.11433587979952706
102 187 0.160933165124427
102 204 0.38779034766192294
102 215 0.4500477943674475
102 216 0.4500477943674475
102 217 0.4500477943674475
102 218 0.4500477943674475
103 3 0.006837084445989291
103 4 0.006837084445989291
103 8 0.006837084445989291
103 11 0.12977822313724255
103 16 0.027836168457135418
103 24 0.35096051035132647
103 66 0.31759364573510135
103 187 0.2235140479137996
103 189 0.4242842901545535
103 198 0.4880075213733169
103 219 0.538587495503498
104 3 0.007301533061120844
104 4 0.007301533061120844
104 8 0.007301533061120844
104 13 0.13859416163946248
104 16 0.02972710164548724
104 66 0.3391680361205789
104 187 0.2386975359686983
104 189 0.45310626135310333
104 198 0.5211582626382689
104 219 0.5751741748680494
105 3 0.004317691644211759
105 4 0.004317691644211759
105 8 0.004317691644211759
105 11 0.0819563300799984
105 12 0.21333519326922223
105 16 0.017578836842471374
105 20 0.39794447551954776
105 66 0.10028188486465162
105 76 0.21333519326922223
105 78 0.23091403011169362
105 186 0.7607312773541526
105 187 0.1411515017351405
105 220 0.285518884803304
106 3 0.00540291279454644
106 4 0.00540291279454644
106 8 0.00540291279454644
106 11 0.10255547196773776
106 12 0.26695547996960856
106 16 0.02199715271857307
106 20 0.4979649950653559
106 66 0.12548702488349495
106 76 0.26695547996960856
106 185 0.3856412922630324
106 186 0.6346237897957103
106 187 0.17662892988585818
107 3 0.005061180817268548
107 4 0.005061180817268548
107 8 0.005061180817268548
107 9 0.02534244098775698
107 11 0.09606888120662509
107 16 0.02060584199806888
107 155 0.3140782489030548
107 221 0.9253985479034543
107 222 0.18606306585245125
108 3 0.009833384111931
108 4 0.009833384111931
108 8 0.009833384111931
108 9 0.04923790822021044
108 16 0.040035155160910676
108 155 0.6102236166170417
108 197 0.7018730637428664
108 222 0.3615025152486237
109 3 0.004625651467088419
109 4 0.004625651467088419
109 8 0.004625651467088419
109 9 0.023161650130074724
109 16 0.018832649278948295
109 134 0.2285513489714532
109 220 0.3058835501007535
109 222 0.1700517971211012
109 223 0.33016305780965666
109 224 0.845765307602915
110 3 0.0030259705630262747
110 4 0.0030259705630262747
110 8 0.0030259705630262747
110 9 0.015151697438379462
110 24 0.4659864222084184
110 66 0.0702806167300129
110 222 0.11124308347469629
110 225 0.276637890062023
110 226 0.553275780124046
110 227 0.553275780124046
110 228 0.276637890062023
111 3 0.004927049647382488
111 4 0.004927049647382488
111 8 0.004927049647382488
111 9 0.02467081683912781
111 16 0.020059746967387892
111 24 0.2529148019790876
111 220 0.325814309268021
111 222 0.18113203145624385
111 223 0.7033516420914978
111 229 0.3881255746902156
111 230 0.3881255746902156
112 3 0.0033950026979044957
112 4 0.0033950026979044957
112 8 0.0033950026979044957
112 9 0.016999522173039808
112 12 0.1677455493325787
112 16 0.013822246566917246
112 24 0.17427192671280317
112 94 0.242323590522856
112 212 0.15149384260630588
112 220 0.4490072307546006
112 222 0.12480972985477441
112 223 0.484647181045712
112 229 0.2674394348551046
112 230 0.2674394348551046
112 231 0.2674394348551046
112 232 0.31037525433290886
112 233 0.31037525433290886
113 3 0.005186224298368285
113 4 0.005186224298368285
113 8 0.005186224298368285
113 9 0.025968561088003467
113 11 0.09844239595844866
113 16 0.021114937860765255
113 212 0.2314228050725708
113 222 0.19066001156498089
113 234 0.9482618005735968
114 3 0.006536438264827182
114 4 0.006536438264827182
114 8 0.006536438264827182
114 9 0.03272937817817349
114 11 0.1240715030444252
114 16 0.026612132420878447
114 94 0.4665484332432383
114 212 0.29167286091076333
114 222 0.2402976276127956
114 231 0.5149042610745629
114 235 0.5975690947548591
115 3 0.004924736529393436
115 4 0.004924736529393436
115 8 0.004924736529393436
115 9 0.024659234550675424
115 11 0.09347896186636508
115 16 0.020050329452873755
115 212 0.21975454132096886
115 222 0.181046994813559
115 236 0.4502253720671573
115 237 0.4502253720671573
115 238 0.38794336011697617
115 239 0.38794336011697617
115 240 0.4502253720671573
116 3 0.00641706271433446
116 4 0.00641706271433446
116 8 0.00641706271433446
116 9 0.03213163864801865
116 11 0.12180557420423607
116 16 0.026126112691353537
116 212 0.5726920272789285
116 222 0.2359090507738264
116 239 0.5055005189865238
116 241 0.5866556374936385
117 3 0.00609954248237448
117 4 0.00609954248237448
117 8 0.00609954248237448
117 11 0.11577855905773399
117 16 0.02483337647678601
117 66 0.1416668135077526
117 134 0.3013756380856021
117 135 0.19083784718763647
117 187 0.19940274855862752
117 211 0.48048804066276507
117 212 0.5443548715679458
117 213 0.3785151511357906
117 214 0.35822480515432603
118 3 0.006658113592440501
118 4 0.006658113592440501
118 7 0.2510018684936333
118 8 0.006658113592440501
118 9 0.03333863319613009
118 11 0.12638108513925533
118 66 0.15464007986489361
118 135 0.20831399535026243
118 214 0.39102956512549386
118 222 0.24477075064706683
118 242 0.4131780178602502
118 243 0.5244891668164054
118 244 0.4402855332098138
119 3 0.0073192337930873905
119 4 0.0073192337930873905
119 8 0.0073192337930873905
119 9 0.036649006857063626
119 11 0.13893014835441297
119 16 0.02979916753274192
119 99 0.522421679874333
119 212 0.6532064630953812
119 222 0.26907536569058443
119 242 0.45420470361412413
120 3 0.005573535447488703
120 4 0.005573535447488703
120 8 0.005573535447488703
120 9 0.02790791285093491
120 11 0.10579414846804028
120 16 0.02269181737386928
120 99 0.7956394982398739
120 222 0.2048986452842704
120 242 0.3458730910331498
120 245 0.4390521312814587
121 3 0.005737728913950163
121 4 0.005737728913950163
121 7 0.21630461215720184
121 8 0.005737728913950163
121 9 0.028730065503568346
121 24 0.2945285060913325
121 222 0.21093485321000272
121 242 0.3560623330874119
121 244 0.37942263964378115
121 246 0.5245501195211904
121 247 0.5245501195211904
122 3 0.0024913343935766556
122 4 0.0024913343935766556
122 8 0.0024913343935766556
122 9 0.012474657027578722
122 11 0.04728930195220006
122 16 0.01014309599515567
122 18 0.19625347062742404
122 51 0.17782286176597323
122 76 0.12309570672200364
122 82 0.4389465834325225
122 106 0.08144527677171558
122 238 0.19625347062742404
122 248 0.22776080458255643
122 249 0.22776080458255643
122 250 0.6832824137476692
122 251 0.22776080458255643
122 252 0.22776080458255643
123 3 0.006170807380451844
123 4 0.006170807380451844
123 7 0.2326310840305113
123 8 0.006170807380451844
123 9 0.030898584249814277
123 66 0.14332199847527244
123 222 0.22685602064923852
123 253 0.4861018930695925
123 254 0.5641426769201967
123 255 0.5641426769201967
124 3 0.0054600068356357966
124 4 0.0054600068356357966
124 7 0.20583486579270796
124 8 0.0054600068356357966
124 9 0.027339450223303086
124 26 0.3206650155300679
124 118 0.36105752591643203
124 222 0.2007250181513981
124 253 0.4301089785079524
124 256 0.4991604310994728
124 257 0.4991604310994728
125 3 0.007096644420669916
125 4 0.007096644420669916
125 8 0.007096644420669916
125 9 0.03553445311186942
125 16 0.02889292813840249
125 134 0.3506419943342097
125 179 0.46928455475777103
125 212 0.31667071533152885
125 214 0.41678438541744023
125 222 0.26089236204905086
125 245 0.5590341870429297
126 3 0.0065524463565686765
126 4 0.0065524463565686765
126 8 0.0065524463565686765
126 9 0.032809534200045155
126 11 0.12437536088301719
126 16 0.026677306976189804
126 24 0.3363494974382001
126 66 0.1521858727433939
126 135 0.2050079592220909
126 154 0.3848237513139234
126 170 0.4676910356543093
126 172 0.4676910356543093
126 173 0.4676910356543093
127 3 0.0051219679973768415
127 4 0.0051219679973768415
127 8 0.0051219679973768415
127 9 0.025646815713799266
127 16 0.020853327925571395
127 135 0.16025224003405092
127 258 0.7311768420293808
127 259 0.46825651150501013
127 260 0.46825651150501013
128 3 0.005074915780156664
128 4 0.005074915780156664
128 8 0.005074915780156664
128 9 0.025411214955538074
128 16 0.020661761848661097
128 135 0.1587801060394684
128 244 0.33559235198361365
128 261 0.4639549408772007
128 262 0.4639549408772007
128 263 0.4639549408772007
128 264 0.4639549408772007
129 3 0.005868233432621394
129 4 0.005868233432621394
129 8 0.005868233432621394
129 9 0.029383530215158358
129 16 0.0238916362181347
129 105 0.4622667999017432
129 135 0.18360082552290455
129 258 0.4188542755199551
129 265 0.5364810005184804
129 266 0.5364810005184804
130 3 0.005457940301182446
130 4 0.005457940301182446
130 8 0.005457940301182446
130 9 0.027329102632627306
130 11 0.10359997742782212
130 16 0.022221188995526553
130 126 0.32054364841047894
130 135 0.1707638860072047
130 258 0.7791379320306708
130 267 0.4989715060194007
131 3 0.005076555086402491
131 4 0.005076555086402491
131 8 0.005076555086402491
131 16 0.020668436039271456
131 135 0.1588313954067839
131 178 0.33570075548477313
131 268 0.9282096164752557
132 3 0.0030143299558161706
132 4 0.0030143299558161706
132 7 0.11363615844962789
132 8 0.0030143299558161706
132 9 0.01509341036824018
132 12 0.14893668114612357
132 135 0.09431006360615164
132 191 0.37411643974802933
132 243 0.2374521529387505
132 269 0.2755736916666416
132 270 0.2755736916666416
132 271 0.2755736916666416
132 272 0.5511473833332832
132 273 0.2755736916666416
132 274 0.2755736916666416
132 275 0.2755736916666416
133 3 0.007312805072857436
133 4 0.007312805072857436
133 8 0.007312805072857436
133 9 0.036616816846681347
133 16 0.029772993958216334
133 155 0.45380576090383346
133 197 0.5219628199831313
133 222 0.268839028077154
133 276 0.6685454876887292
134 3 0.0071182535178541265
134 4 0.0071182535178541265
134 8 0.0071182535178541265
134 12 0.35170969006239977
134 16 0.028980906351071655
134 66 0.1653272022497953
134 187 0.23270586613648386
134 201 0.441732607637244
134 212 0.6352699388022175
134 213 0.441732607637244
135 3 0.004345863590543335
135 4 0.004345863590543335
135 7 0.16383317381117138
135 8 0.004345863590543335
135 9 0.021760690945561673
135 222 0.15976601758113593
135 277 0.3973041076060318
135 278 0.7946082152120636
135 279 0.3973041076060318
136 3 0.003951070783216463
136 4 0.003951070783216463
136 8 0.003951070783216463
136 9 0.019783876881156893
136 13 0.07499731059137323
136 16 0.016086194748142463
136 25 0.2451889070334321
136 26 0.23204552891607705
136 103 0.31124338663652257
136 280 0.3612116714914706
136 281 0.3612116714914706
136 282 0.3612116714914706
136 283 0.3612116714914706
136 284 0.3612116714914706
136 285 0.3612116714914706
137 3 0.005454010716142235
137 4 0.005454010716142235
137 8 0.005454010716142235
137 9 0.02730942633956776
137 16 0.02220519027677296
137 66 0.1266738154911943
137 78 0.2916853954647533
137 135 0.17064094013846431
137 158 0.36066101651001253
137 286 0.8592732751105433
138 3 0.006420247845791271
138 4 0.006420247845791271
138 6 0.3590025198528013
138 7 0.24203465187429274
138 8 0.006420247845791271
138 9 0.0321475872989159
138 13 0.12186603282577116
138 21 0.42455602579877866
138 22 0.42455602579877866
138 23 0.42455602579877866
138 95 0.5057514259319806
139 3 0.005356077869415558
139 4 0.005356077869415558
139 8 0.005356077869415558
139 16 0.02180647131395983
139 107 0.5292827749608197
139 287 0.4896591192616138
139 288 0.4896591192616138
139 289 0.4896591192616138
140 3 0.007427289454648564
140 4 0.007427289454648564
140 8 0.007427289454648564
140 12 0.3669790160670854
140 16 0.030239100024687146
140 201 0.4609102401662661
140 212 0.6628499119181892
140 213 0.4609102401662661
141 3 0.0055789076702664605
141 4 0.0055789076702664605
141 8 0.0055789076702664605
141 12 0.2756513072588168
141 16 0.022713689576766904
141 66 0.1295746483911588
141 76 0.2756513072588168
141 179 0.36892016097779406
141 187 0.1823824535398396
141 201 0.6924129428020542
141 212 0.24894535755041544
141 213 0.3462064714010271
142 11 0.09529566523876748
142 54 0.331990366564769
142 55 0.39548278927359387
142 63 0.7166842058179899
142 290 0.4589752119824188
143 3 0.006681387647094462
143 4 0.006681387647094462
143 8 0.006681387647094462
143 9 0.03345517148589073
143 16 0.027202272187971218
143 134 0.3301243447781479
143 135 0.2090421762750324
143 158 0.44182459219716835
143 286 0.5263225674282176
143 291 0.6108205426592668
144 3 0.011248417607354903
144 4 0.011248417607354903
144 8 0.011248417607354903
144 12 0.5557792315843038
144 66 0.2612536077981583
144 187 0.36772682448285343
144 201 0.6980353859309392
145 3 0.007433041527307078
145 4 0.007433041527307078
145 8 0.007433041527307078
145 9 0.037218867111526784
145 11 0.14109039160473155
145 16 0.0302625187296578
145 135 0.23255935133275382
145 292 0.6795376498313187
145 293 0.6795376498313187
146 3 0.004394818194725849
146 4 0.004394818194725849
146 8 0.004394818194725849
146 16 0.017892846076902783
146 66 0.1020732114567278
146 187 0.14367287874067752
146 294 0.40177959675167907
146 295 0.40177959675167907
146 296 0.8035591935033581
147 3 0.006279404817365948
147 4 0.006279404817365948
147 7 0.23672506037990973
147 8 0.006279404817365948
147 9 0.031442355404369196
147 66 0.1458442618888295
147 214 0.7375761620436728
147 222 0.23084836409348267
147 242 0.38967674548645875
147 244 0.41524240460440087
148 3 0.007526464940222711
148 4 0.007526464940222711
148 8 0.007526464940222711
148 9 0.07537331720819855
148 13 0.1428637095479844
148 15 0.26999371679040596
148 16 0.030642878206025775
148 19 0.276693758308481
148 20 0.3468421774825448
148 39 0.5928930575849999
148 93 0.5928930575849999
149 3 0.010936418112255876
149 4 0.010936418112255876
149 8 0.010936418112255876
149 297 0.9998205760418325
150 76 0.20050390457479525
150 78 0.21702544221134834
150 162 0.31966660897458893
150 212 0.18107846725268975
150 214 0.47665081759917477
150 298 0.7419743847124185
